>>> torch.any(ivol < 0)
tensor(True, device='cuda:1')
>>> ivol.min()
tensor(-2.4291e+22, device='cuda:1', dtype=torch.float64)
>>> indices = torch.nonzero(ivol < 0)
>>> indices
tensor([[13, 85, 26,  1],
        [13, 85, 28,  1],
        [13, 85, 29,  1],
        [13, 85, 30,  1],
        [14, 84, 20,  1],
        [14, 84, 21,  1],
        [14, 84, 22,  1],
        [14, 84, 23,  1],
        [14, 84, 24,  1],
        [16, 82, 26,  1],
        [16, 82, 28,  1],
        [16, 82, 29,  1],
        [16, 82, 30,  1],
        [16, 88, 26,  1],
        [16, 88, 28,  1],
        [16, 88, 29,  1],
        [16, 88, 30,  1],
        [17, 81, 20,  1],
        [17, 81, 21,  1],
        [17, 81, 22,  1],
        [17, 81, 23,  1],
        [17, 81, 24,  1],
        [17, 87, 41,  1],
        [17, 87, 42,  1],
        [18, 82, 20,  1],
        [18, 82, 21,  1],
        [18, 82, 22,  1],
        [18, 82, 23,  1],
        [18, 82, 24,  1],
        [18, 88, 20,  1],
        [18, 88, 21,  1],
        [18, 88, 22,  1],
        [18, 88, 23,  1],
        [18, 88, 24,  1],
        [20, 84, 20,  1],
        [20, 84, 21,  1],
        [20, 84, 22,  1],
        [20, 84, 23,  1],
        [20, 84, 24,  1],
        [21, 85, 20,  1],
        [21, 85, 21,  1],
        [21, 85, 22,  1],
        [21, 85, 23,  1],
        [21, 85, 24,  1]], device='cuda:1')
>>> ivol[13, 85, 26,  1]
tensor(-1566301.4219, device='cuda:1', dtype=torch.float64)
>>> ivol[13, 85, 26,  0]
tensor(-0., device='cuda:1', dtype=torch.float64)
>>> ivol[13, 85, 26,  :]
tensor([      -0.0000, -1566301.4219,        0.0000,        0.0000],
       device='cuda:1', dtype=torch.float64)
>>> ivol[13, 85, 26,  :]
tensor([      -0.0000, -1566301.4219,        0.0000,        0.0000],
       device='cuda:1', dtype=torch.float64)
>>> intEng[13, 85, 26]
tensor(2.0897e+12, device='cuda:1', dtype=torch.float64)
>>> intEng[13, 85, 25]
tensor(1.0117e+12, device='cuda:1', dtype=torch.float64)
>>> intEng[13, 85, 26]
tensor(2.0897e+12, device='cuda:1', dtype=torch.float64)
>>> intEng[13, 85, 27]
tensor(1.7294e+12, device='cuda:1', dtype=torch.float64)
>>> ivol[13, 85, 26,  :]
tensor([      -0.0000, -1566301.4219,        0.0000,        0.0000],
       device='cuda:1', dtype=torch.float64)
>>> ivol[13, 85, 25,  :]
tensor([243498.9228, 241544.7561,      0.0000,      0.0000], device='cuda:1',
       dtype=torch.float64)
>>> ivol[13, 85, 26,  :]
tensor([      -0.0000, -1566301.4219,        0.0000,        0.0000],
       device='cuda:1', dtype=torch.float64)
>>> ivol[13, 85, 27,  :]
tensor([3.4561e+05, 3.4439e+05, 0.0000e+00, 1.5444e-36], device='cuda:1',
       dtype=torch.float64)
>>> ivol[13, 85, 28,  :]
tensor([-0.0000e+00, -1.3533e+06,  0.0000e+00,  2.4966e-25], device='cuda:1',
       dtype=torch.float64)
>>> ivol[13, 85, 29,  :]
tensor([-0.0000e+00, -6.2696e+06,  0.0000e+00,  1.9314e-23], device='cuda:1',
       dtype=torch.float64)
>>> ivol[13, 85, 29,  0]
tensor(-0., device='cuda:1', dtype=torch.float64)
>>> ivol[13, 85, :,  0]
tensor([1.8928e+05, 1.8809e+05, 1.8632e+05, 1.8116e+05, 1.7213e+05, 1.6338e+05,
        1.6817e+05, 1.8012e+05, 1.7661e+05, 1.7179e+05, 1.7179e+05, 1.7137e+05,
        1.7866e+05, 1.8940e+05, 1.8687e+05, 1.7800e+05, 1.8625e+05, 2.0713e+05,
        2.1047e+05, 2.1014e+05, 2.2324e+05, 2.2883e+05, 2.3295e+05, 2.4762e+05,
        2.6015e+05, 2.4350e+05, -0.0000e+00, 3.4561e+05, -0.0000e+00, -0.0000e+00,
        -0.0000e+00, 1.1526e+06, 1.0506e+06, 9.5638e+05, 8.7373e+05, 8.0187e+05,
        7.3393e+05, 6.6664e+05, 6.0316e+05, 5.4738e+05, 4.9935e+05, 4.5705e+05,
        4.2003e+05, 3.8583e+05, 3.5083e+05, 3.1590e+05, 2.8427e+05, 2.5842e+05,
        2.3341e+05, 2.0393e+05, 2.1793e+05, 2.3099e+05, 2.0325e+05, 1.8530e+05,
        1.6844e+05, 1.4487e+05, 1.2218e+05, 1.0406e+05, 8.9704e+04, 7.7837e+04,
        6.7778e+04, 5.9214e+04, 5.1919e+04, 4.5702e+04, 4.0355e+04, 3.5777e+04,
        3.2144e+04, 2.8904e+04, 2.5652e+04, 2.2821e+04, 2.0448e+04, 1.8386e+04,
        1.6284e+04, 1.4455e+04, 1.3003e+04, 1.1650e+04, 1.0564e+04, 9.6962e+03,
        8.9673e+03, 8.3454e+03, 7.7844e+03, 7.2701e+03, 6.7828e+03, 6.3275e+03,
        5.9008e+03, 5.5293e+03, 5.1531e+03, 4.8342e+03, 4.4250e+03, 4.0193e+03,
        3.9737e+03, 3.8850e+03, 4.2025e+03, 4.2275e+03, 3.3870e+03, 2.8802e+03,
        2.6356e+03, 2.3907e+03, 2.1708e+03, 1.9782e+03, 1.8019e+03, 1.6401e+03,
        1.4917e+03, 1.3578e+03, 1.2384e+03, 1.1303e+03, 1.0311e+03, 9.3982e+02,
        8.5685e+02, 7.8117e+02, 7.1183e+02, 6.4876e+02, 5.9129e+02, 5.3889e+02,
        4.9134e+02, 4.4815e+02, 4.0874e+02, 3.7276e+02, 3.3998e+02, 3.1016e+02,
        2.8296e+02, 2.5813e+02, 2.3560e+02, 2.1501e+02, 1.9647e+02, 1.7949e+02,
        1.6375e+02, 1.4966e+02, 1.3686e+02, 1.2522e+02, 1.1462e+02, 1.0507e+02,
        9.6197e+01, 8.8096e+01, 8.0910e+01, 7.4286e+01, 6.8272e+01, 6.2816e+01,
        5.7866e+01, 5.3376e+01, 4.9306e+01, 4.5620e+01, 4.2290e+01, 3.9290e+01,
        3.6586e+01, 3.4152e+01, 3.1971e+01, 3.0026e+01, 2.8291e+01, 2.6756e+01],
       device='cuda:1', dtype=torch.float64)
>>> ivol[13, 85, :,  1]
tensor([ 1.8738e+05,  1.8255e+05,  1.7991e+05,  1.7335e+05,  1.6760e+05,
         1.6282e+05,  1.6862e+05,  1.7715e+05,  1.7339e+05,  1.6904e+05,
         1.6917e+05,  1.6923e+05,  1.7676e+05,  1.8611e+05,  1.8294e+05,
         1.7576e+05,  1.8534e+05,  2.0477e+05,  2.0736e+05,  2.0768e+05,
         2.2054e+05,  2.2613e+05,  2.3105e+05,  2.4565e+05,  2.5783e+05,
         2.4154e+05, -1.5663e+06,  3.4439e+05, -1.3533e+06, -6.2696e+06,
        -8.4247e+06,  1.1437e+06,  1.0434e+06,  9.4872e+05,  8.6525e+05,
         7.9382e+05,  7.2720e+05,  6.6058e+05,  5.9643e+05,  5.3950e+05,
         4.9115e+05,  4.4986e+05,  4.1592e+05,  3.8674e+05,  3.5656e+05,
         3.2427e+05,  2.9301e+05,  2.6468e+05,  2.3136e+05,  1.9155e+05,
         1.8838e+05,  1.6199e+05,  1.1432e+05,  8.4452e+04,  6.8608e+04,
         5.7188e+04,  4.7296e+04,  3.8176e+04,  3.0104e+04,  2.3358e+04,
         1.7944e+04,  1.3697e+04,  1.0415e+04,  7.9022e+03,  5.9871e+03,
         4.5367e+03,  3.4592e+03,  2.5691e+03,  1.8788e+03,  1.3707e+03,
         1.0023e+03,  7.3525e+02,  5.2809e+02,  3.7395e+02,  2.7911e+02,
         1.8480e+02,  1.1963e+02,  7.9232e+01,  5.3195e+01,  3.5910e+01,
         2.4210e+01,  1.6186e+01,  1.0736e+01,  7.0210e+00,  4.5737e+00,
         2.9315e+00,  1.9085e+00,  1.1902e+00,  7.7529e-01,  4.1756e-01,
         2.5240e-01,  1.9505e-01,  1.6376e-01,  2.5682e-01,  3.1378e-01,
         2.8089e-01,  2.7990e-01,  2.7551e-01,  2.6632e-01,  2.5707e-01,
         2.4657e-01,  2.3709e-01,  2.2738e-01,  2.1855e-01,  2.1060e-01,
         2.0357e-01,  1.9619e-01,  1.9056e-01,  1.8339e-01,  1.7576e-01,
         1.6740e-01,  1.6154e-01,  1.5631e-01,  1.5090e-01,  1.4539e-01,
         1.3977e-01,  1.3344e-01,  1.2456e-01,  1.1748e-01,  1.0250e-01,
         8.6597e-02,  7.2948e-02,  6.3763e-02,  5.0801e-02,  5.3113e-02,
         2.6486e-02,  2.3920e-02,  2.2767e-02,  2.1702e-02,  2.0696e-02,
         1.9746e-02,  1.8797e-02,  7.4117e-03,  1.7108e-02,  1.6346e-02,
         1.5607e-02,  1.4899e-02,  1.4226e-02,  1.3589e-02,  1.2984e-02,
         1.2412e-02,  1.1871e-02,  1.1362e-02,  1.0885e-02,  1.0444e-02,
         1.0032e-02,  9.6511e-03,  9.3040e-03,  8.9909e-03,  8.7061e-03],
       device='cuda:1', dtype=torch.float64)
>>> 

